image_width: 0
image_height: 0
camera_name: camera_gv_vis
camera_matrix:
  rows: 3
  cols: 3
  data: [0.000000, 0.000000, 0.000000,
         0.000000, 0.000000, 0.000000,
         0.000000, 0.000000, 1.000000]
distortion_model: plumb_bob
distortion_coefficients:
  rows: 1
  cols: 5
  data: [0.000000, 0.000000, 0.000000, 0.000000, 0.000000]
rectification_matrix:
  rows: 3
  cols: 3
  data: [ 0.000000, 0.000000, 0.000000,
          0.000000, 0.000000, 0.000000,
          0.000000, 0.000000, 0.000000]
projection_matrix:
  rows: 3
  cols: 4
  data: [ 0.000000, 0.000000, 0.000000, 0.000000,
          0.000000, 0.000000, 0.000000, 0.000000,
          0.000000, 0.000000, 0.000000, 0.000000]

